1.460000000000000000e+02
5.300000000000000000e+01
3.700000000000000000e+01
4.300000000000000000e+01
5.000000000000000000e+01
5.700000000000000000e+01
6.100000000000000000e+01
1.560000000000000000e+02
2.200000000000000000e+01
6.200000000000000000e+01
5.800000000000000000e+01
6.300000000000000000e+01
6.900000000000000000e+01
7.100000000000000000e+01
1.690000000000000000e+02
4.000000000000000000e+00
8.400000000000000000e+01
7.000000000000000000e+01
7.500000000000000000e+01
7.500000000000000000e+01
7.700000000000000000e+01
7.000000000000000000e+01
1.800000000000000000e+01
8.000000000000000000e+00
8.800000000000000000e+01
8.500000000000000000e+01
8.700000000000000000e+01
8.700000000000000000e+01
6.000000000000000000e+01
2.000000000000000000e+00
7.200000000000000000e+01
9.800000000000000000e+01
9.700000000000000000e+01
9.600000000000000000e+01
9.600000000000000000e+01
3.900000000000000000e+01
2.600000000000000000e+01
9.100000000000000000e+01
1.160000000000000000e+02
1.130000000000000000e+02
1.080000000000000000e+02
1.040000000000000000e+02
3.100000000000000000e+01
1.250000000000000000e+02
1.310000000000000000e+02
1.260000000000000000e+02
1.220000000000000000e+02
1.160000000000000000e+02
1.170000000000000000e+02
