1.992000000000000000e+03 3.058000000000000000e+03
2.647000000000000000e+03 2.729000000000000000e+03
2.636000000000000000e+03 2.668000000000000000e+03
2.619000000000000000e+03 2.671000000000000000e+03
2.591000000000000000e+03 2.670000000000000000e+03
2.591000000000000000e+03 2.675000000000000000e+03
2.327000000000000000e+03 2.595000000000000000e+03
2.662000000000000000e+03 2.664000000000000000e+03
2.665000000000000000e+03 2.670000000000000000e+03
2.667000000000000000e+03 2.670000000000000000e+03
2.612000000000000000e+03 2.666000000000000000e+03
2.574000000000000000e+03 2.664000000000000000e+03
2.601000000000000000e+03 2.678000000000000000e+03
2.604000000000000000e+03 2.682000000000000000e+03
2.663000000000000000e+03 2.665000000000000000e+03
2.666000000000000000e+03 2.670000000000000000e+03
2.662000000000000000e+03 2.672000000000000000e+03
2.636000000000000000e+03 2.672000000000000000e+03
2.608000000000000000e+03 2.672000000000000000e+03
2.584000000000000000e+03 2.673000000000000000e+03
2.570000000000000000e+03 2.671000000000000000e+03
2.660000000000000000e+03 2.665000000000000000e+03
2.666000000000000000e+03 2.671000000000000000e+03
2.669000000000000000e+03 2.672000000000000000e+03
2.647000000000000000e+03 2.676000000000000000e+03
2.624000000000000000e+03 2.674000000000000000e+03
2.599000000000000000e+03 2.674000000000000000e+03
2.585000000000000000e+03 2.674000000000000000e+03
2.657000000000000000e+03 2.665000000000000000e+03
2.665000000000000000e+03 2.671000000000000000e+03
2.668000000000000000e+03 2.669000000000000000e+03
2.657000000000000000e+03 2.672000000000000000e+03
2.628000000000000000e+03 2.675000000000000000e+03
2.604000000000000000e+03 2.674000000000000000e+03
2.582000000000000000e+03 2.672000000000000000e+03
2.659000000000000000e+03 2.663000000000000000e+03
2.662000000000000000e+03 2.667000000000000000e+03
2.659000000000000000e+03 2.667000000000000000e+03
2.649000000000000000e+03 2.672000000000000000e+03
2.588000000000000000e+03 2.665000000000000000e+03
2.589000000000000000e+03 2.670000000000000000e+03
2.597000000000000000e+03 2.676000000000000000e+03
1.853000000000000000e+03 3.399000000000000000e+03
2.656000000000000000e+03 2.678000000000000000e+03
2.632000000000000000e+03 2.660000000000000000e+03
2.591000000000000000e+03 2.659000000000000000e+03
2.569000000000000000e+03 2.659000000000000000e+03
2.586000000000000000e+03 2.667000000000000000e+03
1.591000000000000000e+03 2.414000000000000000e+03
