2.477000000000000000e+03 9.380000000000000000e+02
2.137000000000000000e+03 1.653000000000000000e+03
2.186000000000000000e+03 1.410000000000000000e+03
2.186000000000000000e+03 1.217000000000000000e+03
2.192000000000000000e+03 1.039000000000000000e+03
2.177000000000000000e+03 8.310000000000000000e+02
2.290000000000000000e+03 8.580000000000000000e+02
2.381000000000000000e+03 1.793000000000000000e+03
2.368000000000000000e+03 1.606000000000000000e+03
2.365000000000000000e+03 1.403000000000000000e+03
2.381000000000000000e+03 1.239000000000000000e+03
2.384000000000000000e+03 1.062000000000000000e+03
2.361000000000000000e+03 8.300000000000000000e+02
2.355000000000000000e+03 6.160000000000000000e+02
2.572000000000000000e+03 1.792000000000000000e+03
2.567000000000000000e+03 1.602000000000000000e+03
2.565000000000000000e+03 1.412000000000000000e+03
2.567000000000000000e+03 1.227000000000000000e+03
2.567000000000000000e+03 1.038000000000000000e+03
2.566000000000000000e+03 8.450000000000000000e+02
2.569000000000000000e+03 6.470000000000000000e+02
2.765000000000000000e+03 1.791000000000000000e+03
2.762000000000000000e+03 1.601000000000000000e+03
2.762000000000000000e+03 1.405000000000000000e+03
2.758000000000000000e+03 1.219000000000000000e+03
2.761000000000000000e+03 1.026000000000000000e+03
2.758000000000000000e+03 8.310000000000000000e+02
2.751000000000000000e+03 6.320000000000000000e+02
2.960000000000000000e+03 1.784000000000000000e+03
2.960000000000000000e+03 1.594000000000000000e+03
2.960000000000000000e+03 1.401000000000000000e+03
2.960000000000000000e+03 1.204000000000000000e+03
2.954000000000000000e+03 1.015000000000000000e+03
2.950000000000000000e+03 8.220000000000000000e+02
2.943000000000000000e+03 6.340000000000000000e+02
3.156000000000000000e+03 1.783000000000000000e+03
3.154000000000000000e+03 1.593000000000000000e+03
3.158000000000000000e+03 1.399000000000000000e+03
3.152000000000000000e+03 1.200000000000000000e+03
3.133000000000000000e+03 1.045000000000000000e+03
3.135000000000000000e+03 8.310000000000000000e+02
3.144000000000000000e+03 6.170000000000000000e+02
3.059000000000000000e+03 5.470000000000000000e+02
3.353000000000000000e+03 1.603000000000000000e+03
3.337000000000000000e+03 1.403000000000000000e+03
3.319000000000000000e+03 1.235000000000000000e+03
3.317000000000000000e+03 1.045000000000000000e+03
3.327000000000000000e+03 8.270000000000000000e+02
2.892000000000000000e+03 1.466000000000000000e+03
