2.104347301384227364e+01
2.196378314589345848e+01
2.355276599098996826e+01
2.581042154913181719e+01
2.873674982031899106e+01
3.233175080455150407e+01
3.659542450182935625e+01
4.152777091215249072e+01
4.712879003552096435e+01
5.339848187193480555e+01
6.033684642139395748e+01
3.300891600083657806e+01
3.318733515842973247e+01
3.403442702906822603e+01
3.555019161275207296e+01
3.773462890948123061e+01
4.058773891925569899e+01
4.410952164207553494e+01
4.829997707794065320e+01
5.315910522685111061e+01
5.868690608880693560e+01
6.488337966380807131e+01
4.592244525071545524e+01
4.535897343385060765e+01
4.546417433003109920e+01
4.623804793925690149e+01
4.768059426152804292e+01
4.979181329684452351e+01
5.257170504520631482e+01
5.602026950661341687e+01
6.013750668106585806e+01
6.492341656856366683e+01
7.037799916910678633e+01
5.978406076347896203e+01
5.847869797215609822e+01
5.784200789387854513e+01
5.787399052864635962e+01
5.857464587645948484e+01
5.994397393731792079e+01
6.198197471122169588e+01
6.468864819817078171e+01
6.806399439816520669e+01
7.210801331120497082e+01
7.682070493729004568e+01
7.459376253912707000e+01
7.254650877334616155e+01
7.116792772061062067e+01
7.045801938092039052e+01
7.041678375427547110e+01
7.104422084067589083e+01
7.234033064012167813e+01
7.430511315261274774e+01
7.693856837814915650e+01
8.024069631673090441e+01
8.421149696835796306e+01
9.035155057765975073e+01
8.756240583742085448e+01
8.544193381022724054e+01
8.399013449607899418e+01
8.320700789497608696e+01
8.309255400691851889e+01
8.364677283190623314e+01
8.486966436993928653e+01
8.676122862101767907e+01
8.932146558514141077e+01
9.255037526231042477e+01
1.070574248790769758e+02
1.035263891643800918e+02
1.006640261627284900e+02
9.847033587412222744e+01
9.694531829856127558e+01
9.608897343604566288e+01
9.590130128657538933e+01
9.638230185015039808e+01
9.753197512677077441e+01
9.935032111643651831e+01
1.018373398191475445e+02
1.247113854433788589e+02
1.204384587542239018e+02
1.168342047781143123e+02
1.138986235150500050e+02
1.116317149650310370e+02
1.100334791280574080e+02
1.091039160041291183e+02
1.088430255932461392e+02
1.092508078954085278e+02
1.103272629106161702e+02
1.120723906388692086e+02
1.433134322705653290e+02
1.382986146069523556e+02
1.339524696563847215e+02
1.302749974188624265e+02
1.272661978943854280e+02
1.249260710829537828e+02
1.232546169845674768e+02
1.222518355992264816e+02
1.219177269269308255e+02
1.222522909676804517e+02
1.232555277214754454e+02
1.628635653606364144e+02
1.571068567225653965e+02
1.520188207975397745e+02
1.475994575855594348e+02
1.438487670866244343e+02
1.407667493007347730e+02
1.383534042278904508e+02
1.366087318680914677e+02
1.355327322213377101e+02
1.351254052876293485e+02
1.353867510669663261e+02
1.833617847135919874e+02
1.768631851010630385e+02
1.710332582015793150e+02
1.658720040151409876e+02
1.613794225417479993e+02
1.575555137814002933e+02
1.544002777340979264e+02
1.519137143998408987e+02
1.500958237786291534e+02
1.489466058704628040e+02
1.484660606753417937e+02
