0.000000000000000000e+00 0.000000000000000000e+00
0.000000000000000000e+00 0.000000000000000000e+00
0.000000000000000000e+00 0.000000000000000000e+00
0.000000000000000000e+00 0.000000000000000000e+00
2.794000000000000000e+03 2.695000000000000000e+03
2.771000000000000000e+03 2.654000000000000000e+03
2.780000000000000000e+03 2.670000000000000000e+03
0.000000000000000000e+00 0.000000000000000000e+00
0.000000000000000000e+00 0.000000000000000000e+00
0.000000000000000000e+00 0.000000000000000000e+00
0.000000000000000000e+00 0.000000000000000000e+00
2.700000000000000000e+03 2.600000000000000000e+03
2.700000000000000000e+03 2.600000000000000000e+03
2.791000000000000000e+03 2.633000000000000000e+03
2.729000000000000000e+03 2.651000000000000000e+03
2.705000000000000000e+03 2.639000000000000000e+03
2.683000000000000000e+03 2.614000000000000000e+03
2.673000000000000000e+03 2.633000000000000000e+03
2.711000000000000000e+03 2.633000000000000000e+03
2.737000000000000000e+03 2.665000000000000000e+03
0.000000000000000000e+00 0.000000000000000000e+00
0.000000000000000000e+00 0.000000000000000000e+00
2.700000000000000000e+03 2.600000000000000000e+03
2.776000000000000000e+03 2.656000000000000000e+03
0.000000000000000000e+00 0.000000000000000000e+00
0.000000000000000000e+00 0.000000000000000000e+00
0.000000000000000000e+00 0.000000000000000000e+00
0.000000000000000000e+00 0.000000000000000000e+00
0.000000000000000000e+00 0.000000000000000000e+00
0.000000000000000000e+00 0.000000000000000000e+00
0.000000000000000000e+00 0.000000000000000000e+00
2.716000000000000000e+03 2.663000000000000000e+03
0.000000000000000000e+00 0.000000000000000000e+00
2.700000000000000000e+03 2.600000000000000000e+03
2.724000000000000000e+03 2.661000000000000000e+03
0.000000000000000000e+00 0.000000000000000000e+00
0.000000000000000000e+00 0.000000000000000000e+00
0.000000000000000000e+00 0.000000000000000000e+00
0.000000000000000000e+00 0.000000000000000000e+00
0.000000000000000000e+00 0.000000000000000000e+00
0.000000000000000000e+00 0.000000000000000000e+00
0.000000000000000000e+00 0.000000000000000000e+00
2.680000000000000000e+03 2.609000000000000000e+03
0.000000000000000000e+00 0.000000000000000000e+00
2.763000000000000000e+03 2.706000000000000000e+03
2.721000000000000000e+03 2.651000000000000000e+03
0.000000000000000000e+00 0.000000000000000000e+00
0.000000000000000000e+00 0.000000000000000000e+00
0.000000000000000000e+00 0.000000000000000000e+00
0.000000000000000000e+00 0.000000000000000000e+00
0.000000000000000000e+00 0.000000000000000000e+00
0.000000000000000000e+00 0.000000000000000000e+00
0.000000000000000000e+00 0.000000000000000000e+00
2.663000000000000000e+03 2.598000000000000000e+03
0.000000000000000000e+00 0.000000000000000000e+00
2.782000000000000000e+03 2.688000000000000000e+03
2.665000000000000000e+03 2.648000000000000000e+03
0.000000000000000000e+00 0.000000000000000000e+00
0.000000000000000000e+00 0.000000000000000000e+00
0.000000000000000000e+00 0.000000000000000000e+00
0.000000000000000000e+00 0.000000000000000000e+00
0.000000000000000000e+00 0.000000000000000000e+00
0.000000000000000000e+00 0.000000000000000000e+00
0.000000000000000000e+00 0.000000000000000000e+00
2.666000000000000000e+03 2.593000000000000000e+03
2.716000000000000000e+03 2.619000000000000000e+03
2.790000000000000000e+03 2.687000000000000000e+03
2.704000000000000000e+03 2.654000000000000000e+03
0.000000000000000000e+00 0.000000000000000000e+00
0.000000000000000000e+00 0.000000000000000000e+00
0.000000000000000000e+00 0.000000000000000000e+00
0.000000000000000000e+00 0.000000000000000000e+00
0.000000000000000000e+00 0.000000000000000000e+00
0.000000000000000000e+00 0.000000000000000000e+00
0.000000000000000000e+00 0.000000000000000000e+00
2.654000000000000000e+03 2.591000000000000000e+03
0.000000000000000000e+00 0.000000000000000000e+00
2.700000000000000000e+03 2.600000000000000000e+03
2.700000000000000000e+03 2.655000000000000000e+03
0.000000000000000000e+00 0.000000000000000000e+00
0.000000000000000000e+00 0.000000000000000000e+00
0.000000000000000000e+00 0.000000000000000000e+00
0.000000000000000000e+00 0.000000000000000000e+00
0.000000000000000000e+00 0.000000000000000000e+00
0.000000000000000000e+00 0.000000000000000000e+00
0.000000000000000000e+00 0.000000000000000000e+00
2.687000000000000000e+03 2.600000000000000000e+03
0.000000000000000000e+00 0.000000000000000000e+00
2.700000000000000000e+03 2.600000000000000000e+03
2.730000000000000000e+03 2.587000000000000000e+03
0.000000000000000000e+00 0.000000000000000000e+00
0.000000000000000000e+00 0.000000000000000000e+00
0.000000000000000000e+00 0.000000000000000000e+00
0.000000000000000000e+00 0.000000000000000000e+00
0.000000000000000000e+00 0.000000000000000000e+00
0.000000000000000000e+00 0.000000000000000000e+00
0.000000000000000000e+00 0.000000000000000000e+00
2.700000000000000000e+03 2.600000000000000000e+03
0.000000000000000000e+00 0.000000000000000000e+00
0.000000000000000000e+00 0.000000000000000000e+00
0.000000000000000000e+00 0.000000000000000000e+00
2.738000000000000000e+03 2.619000000000000000e+03
2.721000000000000000e+03 2.621000000000000000e+03
2.693000000000000000e+03 2.613000000000000000e+03
2.691000000000000000e+03 2.610000000000000000e+03
2.696000000000000000e+03 2.604000000000000000e+03
2.709000000000000000e+03 2.622000000000000000e+03
0.000000000000000000e+00 0.000000000000000000e+00
2.700000000000000000e+03 2.600000000000000000e+03
0.000000000000000000e+00 0.000000000000000000e+00
0.000000000000000000e+00 0.000000000000000000e+00
0.000000000000000000e+00 0.000000000000000000e+00
0.000000000000000000e+00 0.000000000000000000e+00
0.000000000000000000e+00 0.000000000000000000e+00
0.000000000000000000e+00 0.000000000000000000e+00
0.000000000000000000e+00 0.000000000000000000e+00
0.000000000000000000e+00 0.000000000000000000e+00
0.000000000000000000e+00 0.000000000000000000e+00
0.000000000000000000e+00 0.000000000000000000e+00
0.000000000000000000e+00 0.000000000000000000e+00
0.000000000000000000e+00 0.000000000000000000e+00
