2.636468040957576704e+03 2.686197877787366906e+03
2.654913247469761700e+03 2.682730848011993203e+03
2.670743616467627817e+03 2.679317240589997709e+03
2.683196976012325194e+03 2.675957055521379971e+03
2.691511154165005337e+03 2.672650292806139987e+03
2.694923978986820202e+03 2.669396952444278213e+03
2.692673278538920385e+03 2.666197034435794194e+03
2.683996880882456935e+03 2.663050538780688385e+03
2.668132614078582264e+03 2.659957465478960330e+03
2.644318306188446059e+03 2.656917814530610485e+03
2.611791785273200730e+03 2.653931585935638395e+03
2.628730780491879614e+03 2.685060069968009884e+03
2.647149440192454676e+03 2.681873479425485129e+03
2.662953262378709951e+03 2.678740311236338130e+03
2.675380075111796941e+03 2.675660565400569794e+03
2.683667706452866696e+03 2.672634241918178759e+03
2.687053984463071174e+03 2.669661340789165934e+03
2.684776737203560970e+03 2.666741862013531318e+03
2.676073792735487132e+03 2.663875805591274457e+03
2.660182979120001619e+03 2.661063171522395351e+03
2.636342124418255480e+03 2.658303959806894454e+03
2.603789056691399310e+03 2.655598170444771768e+03
2.619581629561870614e+03 2.683964480967779764e+03
2.637973742450835289e+03 2.681058329658103958e+03
2.653751017825480176e+03 2.678205600701806361e+03
2.666151283746956778e+03 2.675406294098886974e+03
2.674412368276416601e+03 2.672660409849344887e+03
2.677772099475010236e+03 2.669967947953181465e+03
2.675468305403889644e+03 2.667328908410395343e+03
2.666738814124205419e+03 2.664743291220987885e+03
2.650821453697109519e+03 2.662211096384957727e+03
2.626954052183752538e+03 2.659732323902305779e+03
2.594374437645286889e+03 2.657306973773032041e+03
2.608899229311834461e+03 2.682911110786677000e+03
2.627264795389188748e+03 2.680285398709850597e+03
2.643015523952223248e+03 2.677713108986401949e+03
2.655389243062089463e+03 2.675194241616331055e+03
2.663623780779938443e+03 2.672728796599638372e+03
2.666956965166921691e+03 2.670316773936323898e+03
2.664626624284190711e+03 2.667958173626387179e+03
2.655870586192896099e+03 2.665652995669828215e+03
2.639926678954189811e+03 2.663401240066647460e+03
2.616032730629222897e+03 2.661202906816844461e+03
2.583426569279145951e+03 2.659057995920419671e+03
2.596562220886055911e+03 2.681899959424701592e+03
2.614901240151799357e+03 2.679554686580724137e+03
2.630625421903223469e+03 2.677262836090124438e+03
2.642972594201479296e+03 2.675024407952902948e+03
2.651180585107717889e+03 2.672839402169059213e+03
2.654487222683090749e+03 2.670707818738593687e+03
2.652130334988749382e+03 2.668629657661505917e+03
2.643347750085844382e+03 2.666604918937796356e+03
2.627377296035527252e+03 2.664633602567464550e+03
2.603456800898949950e+03 2.662715708550510499e+03
2.570824092737263072e+03 2.660851236886934657e+03
2.582449245428818358e+03 2.680931026881853541e+03
2.600761717882951871e+03 2.678866193270725034e+03
2.616459352822765595e+03 2.676854782012974283e+03
2.628779978309410581e+03 2.674896793108601742e+03
2.636961422404038785e+03 2.672992226557607410e+03
2.640241513167801259e+03 2.671141082359990833e+03
2.637858078661849504e+03 2.669343360515752011e+03
2.629048946947334116e+03 2.667599061024891398e+03
2.613051946085407053e+03 2.665908183887408541e+03
2.589104904137218909e+03 2.664270729103303893e+03
2.556445649163921644e+03 2.662686696672577000e+03
2.566438944084407467e+03 2.680004313158132845e+03
2.584724869726930592e+03 2.678219918779853288e+03
2.600395957855133474e+03 2.676488946754951940e+03
2.612690036530168527e+03 2.674811397083428346e+03
2.620844933813186344e+03 2.673187269765282508e+03
2.624098477765338430e+03 2.671616564800514880e+03
2.621688496447775833e+03 2.670099282189125461e+03
2.612852817921650058e+03 2.668635421931113797e+03
2.596829270248112607e+03 2.667224984026480342e+03
2.572855681488314076e+03 2.665867968475224188e+03
2.540169879703406423e+03 2.664564375277346699e+03
2.548409957997107540e+03 2.679119818253539052e+03
2.566669336828019823e+03 2.677615863108108897e+03
2.582313878144612772e+03 2.676165330316056497e+03
2.594581410008036983e+03 2.674768219877381853e+03
2.602709760479444412e+03 2.673424531792085418e+03
2.605936757619986111e+03 2.672134266060166738e+03
2.603500229490813126e+03 2.670897422681626267e+03
2.594638004153076963e+03 2.669714001656463552e+03
2.578587909667929125e+03 2.668584002984679046e+03
2.554587774096520207e+03 2.667507426666272295e+03
2.521875425500002166e+03 2.666484272701243754e+03
2.528240928311202879e+03 2.678277542168073069e+03
2.546473760330504774e+03 2.677054026255491408e+03
2.562091754835486881e+03 2.675883932696287957e+03
2.574332739887301159e+03 2.674767261490462715e+03
2.582434543547098201e+03 2.673704012638015229e+03
2.585634993876029057e+03 2.672694186138945497e+03
2.583171918935245685e+03 2.671737781993253975e+03
2.574283146785899135e+03 2.670834800200940663e+03
2.558206505489140909e+03 2.669985240762005105e+03
2.534179823106121603e+03 2.669189103676447303e+03
2.501440927697993175e+03 2.668446388944267710e+03
2.505810496170977785e+03 2.677477484901733987e+03
2.524016781378669293e+03 2.676534408222001730e+03
2.539608229072041468e+03 2.675644753895647227e+03
2.551822667312244903e+03 2.674808521922670934e+03
2.559897924160431558e+03 2.674025712303072396e+03
2.563071827677752026e+03 2.673296325036852068e+03
2.560582205925358721e+03 2.672620360124009494e+03
2.551666886964401328e+03 2.671997817564544675e+03
2.535563698856032715e+03 2.671428697358458521e+03
2.511510469661403022e+03 2.670912999505749667e+03
2.478745027441663751e+03 2.670450724006419023e+03
2.480997302720717471e+03 2.676719646454522263e+03
2.499177041116798591e+03 2.676057009007638953e+03
2.514741941998559923e+03 2.675447793914133854e+03
2.526929833427153426e+03 2.674892001174006509e+03
2.534978543463729238e+03 2.674389630787256920e+03
2.538125900169439774e+03 2.673940682753885540e+03
2.535609731605435627e+03 2.673545157073891914e+03
2.526667865832868301e+03 2.673203053747276499e+03
2.510538130912888846e+03 2.672914372774038839e+03
2.486458354906648765e+03 2.672679114154179388e+03
2.453666365875299107e+03 2.672497277887697692e+03
