0.000000000000000000e+00 0.000000000000000000e+00
0.000000000000000000e+00 0.000000000000000000e+00
0.000000000000000000e+00 0.000000000000000000e+00
0.000000000000000000e+00 0.000000000000000000e+00
1.654000000000000000e+03 1.440000000000000000e+03
1.663000000000000000e+03 1.219000000000000000e+03
1.654000000000000000e+03 9.970000000000000000e+02
0.000000000000000000e+00 0.000000000000000000e+00
0.000000000000000000e+00 0.000000000000000000e+00
0.000000000000000000e+00 0.000000000000000000e+00
0.000000000000000000e+00 0.000000000000000000e+00
1.761000000000000000e+03 2.452000000000000000e+03
1.839000000000000000e+03 2.137000000000000000e+03
1.894000000000000000e+03 1.870000000000000000e+03
1.929000000000000000e+03 1.636000000000000000e+03
1.948000000000000000e+03 1.423000000000000000e+03
1.954000000000000000e+03 1.213000000000000000e+03
1.960000000000000000e+03 1.007000000000000000e+03
1.929000000000000000e+03 8.010000000000000000e+02
1.894000000000000000e+03 5.670000000000000000e+02
0.000000000000000000e+00 0.000000000000000000e+00
0.000000000000000000e+00 0.000000000000000000e+00
2.064000000000000000e+03 2.373000000000000000e+03
2.117000000000000000e+03 2.078000000000000000e+03
0.000000000000000000e+00 0.000000000000000000e+00
0.000000000000000000e+00 0.000000000000000000e+00
0.000000000000000000e+00 0.000000000000000000e+00
0.000000000000000000e+00 0.000000000000000000e+00
0.000000000000000000e+00 0.000000000000000000e+00
0.000000000000000000e+00 0.000000000000000000e+00
0.000000000000000000e+00 0.000000000000000000e+00
2.117000000000000000e+03 3.590000000000000000e+02
0.000000000000000000e+00 0.000000000000000000e+00
2.319000000000000000e+03 2.320000000000000000e+03
2.350000000000000000e+03 2.040000000000000000e+03
0.000000000000000000e+00 0.000000000000000000e+00
0.000000000000000000e+00 0.000000000000000000e+00
0.000000000000000000e+00 0.000000000000000000e+00
0.000000000000000000e+00 0.000000000000000000e+00
0.000000000000000000e+00 0.000000000000000000e+00
0.000000000000000000e+00 0.000000000000000000e+00
0.000000000000000000e+00 0.000000000000000000e+00
2.350000000000000000e+03 3.970000000000000000e+02
0.000000000000000000e+00 0.000000000000000000e+00
2.545000000000000000e+03 2.290000000000000000e+03
2.559000000000000000e+03 2.020000000000000000e+03
0.000000000000000000e+00 0.000000000000000000e+00
0.000000000000000000e+00 0.000000000000000000e+00
0.000000000000000000e+00 0.000000000000000000e+00
0.000000000000000000e+00 0.000000000000000000e+00
0.000000000000000000e+00 0.000000000000000000e+00
0.000000000000000000e+00 0.000000000000000000e+00
0.000000000000000000e+00 0.000000000000000000e+00
2.552000000000000000e+03 4.170000000000000000e+02
0.000000000000000000e+00 0.000000000000000000e+00
2.758000000000000000e+03 2.280000000000000000e+03
2.761000000000000000e+03 2.005000000000000000e+03
0.000000000000000000e+00 0.000000000000000000e+00
0.000000000000000000e+00 0.000000000000000000e+00
0.000000000000000000e+00 0.000000000000000000e+00
0.000000000000000000e+00 0.000000000000000000e+00
0.000000000000000000e+00 0.000000000000000000e+00
0.000000000000000000e+00 0.000000000000000000e+00
0.000000000000000000e+00 0.000000000000000000e+00
2.751000000000000000e+03 4.240000000000000000e+02
2.758000000000000000e+03 1.570000000000000000e+02
2.970000000000000000e+03 2.290000000000000000e+03
2.970000000000000000e+03 2.018000000000000000e+03
0.000000000000000000e+00 0.000000000000000000e+00
0.000000000000000000e+00 0.000000000000000000e+00
0.000000000000000000e+00 0.000000000000000000e+00
0.000000000000000000e+00 0.000000000000000000e+00
0.000000000000000000e+00 0.000000000000000000e+00
0.000000000000000000e+00 0.000000000000000000e+00
0.000000000000000000e+00 0.000000000000000000e+00
2.948000000000000000e+03 4.170000000000000000e+02
0.000000000000000000e+00 0.000000000000000000e+00
3.196000000000000000e+03 2.320000000000000000e+03
3.173000000000000000e+03 2.031000000000000000e+03
0.000000000000000000e+00 0.000000000000000000e+00
0.000000000000000000e+00 0.000000000000000000e+00
0.000000000000000000e+00 0.000000000000000000e+00
0.000000000000000000e+00 0.000000000000000000e+00
0.000000000000000000e+00 0.000000000000000000e+00
0.000000000000000000e+00 0.000000000000000000e+00
0.000000000000000000e+00 0.000000000000000000e+00
3.165000000000000000e+03 3.970000000000000000e+02
0.000000000000000000e+00 0.000000000000000000e+00
3.451000000000000000e+03 2.373000000000000000e+03
3.398000000000000000e+03 2.078000000000000000e+03
0.000000000000000000e+00 0.000000000000000000e+00
0.000000000000000000e+00 0.000000000000000000e+00
0.000000000000000000e+00 0.000000000000000000e+00
0.000000000000000000e+00 0.000000000000000000e+00
0.000000000000000000e+00 0.000000000000000000e+00
0.000000000000000000e+00 0.000000000000000000e+00
0.000000000000000000e+00 0.000000000000000000e+00
3.398000000000000000e+03 3.590000000000000000e+02
0.000000000000000000e+00 0.000000000000000000e+00
0.000000000000000000e+00 0.000000000000000000e+00
0.000000000000000000e+00 0.000000000000000000e+00
3.621000000000000000e+03 1.870000000000000000e+03
3.586000000000000000e+03 1.636000000000000000e+03
3.567000000000000000e+03 1.423000000000000000e+03
3.561000000000000000e+03 1.219000000000000000e+03
3.567000000000000000e+03 1.014000000000000000e+03
3.586000000000000000e+03 8.010000000000000000e+02
0.000000000000000000e+00 0.000000000000000000e+00
3.676000000000000000e+03 3.000000000000000000e+02
0.000000000000000000e+00 0.000000000000000000e+00
0.000000000000000000e+00 0.000000000000000000e+00
0.000000000000000000e+00 0.000000000000000000e+00
0.000000000000000000e+00 0.000000000000000000e+00
0.000000000000000000e+00 0.000000000000000000e+00
0.000000000000000000e+00 0.000000000000000000e+00
0.000000000000000000e+00 0.000000000000000000e+00
0.000000000000000000e+00 0.000000000000000000e+00
0.000000000000000000e+00 0.000000000000000000e+00
0.000000000000000000e+00 0.000000000000000000e+00
0.000000000000000000e+00 0.000000000000000000e+00
0.000000000000000000e+00 0.000000000000000000e+00
