1.388583963229988740e+03 2.558633798983109045e+03
1.494482661439307094e+03 2.218238153922235597e+03
1.572135218183099369e+03 1.927862808985954871e+03
1.624376580005462756e+03 1.673037110536618229e+03
1.654142916668484304e+03 1.440647771728433781e+03
1.663763939156974857e+03 1.219000000000000000e+03
1.654142916668484304e+03 9.973522282715662186e+02
1.624376580005462756e+03 7.649628894633817708e+02
1.572135218183099369e+03 5.101371910140451291e+02
1.494482661439307094e+03 2.197618460777642895e+02
1.388583963229988740e+03 -1.206337989831090454e+02
1.761846089260948702e+03 2.452201990821906293e+03
1.839771164599463191e+03 2.137195452342451063e+03
1.894762519888831775e+03 1.870310386751022179e+03
1.929869060252070767e+03 1.636687792620297614e+03
1.948715291789031198e+03 1.423222966277605110e+03
1.954546580293434545e+03 1.219000000000000000e+03
1.948715291789031198e+03 1.014777033722394890e+03
1.929869060252070767e+03 8.013122073797023859e+02
1.894762519888831775e+03 5.676896132489779347e+02
1.839771164599463191e+03 3.008045476575487100e+02
1.761846089260948702e+03 -1.420199082190629269e+01
2.064703380126396496e+03 2.373600825103962052e+03
2.117469053554784296e+03 2.078886462109216154e+03
2.152173926897734873e+03 1.830527252574031991e+03
2.171666091076129305e+03 1.612918523295742034e+03
2.180141539838915833e+03 1.412477511058120626e+03
2.182231478219737255e+03 1.219000000000000000e+03
2.180141539838915833e+03 1.025522488941879374e+03
2.171666091076129305e+03 8.250814767042578524e+02
2.152173926897734873e+03 6.074727474259680093e+02
2.117469053554784296e+03 3.591135378907836184e+02
2.064703380126396496e+03 6.439917489603794820e+01
2.319419581324153569e+03 2.320492696945510033e+03
2.350796302273098263e+03 2.040989985495978090e+03
2.369004430910626070e+03 1.806569246515972736e+03
2.375924692188270001e+03 1.600614846227630551e+03
2.375446752764184566e+03 1.408176057577302345e+03
2.373948661662112954e+03 1.219000000000000000e+03
2.375446752764184566e+03 1.029823942422697655e+03
2.375924692188270001e+03 8.373851537723693355e+02
2.369004430910626070e+03 6.314307534840272638e+02
2.350796302273098263e+03 3.970100145040219104e+02
2.319419581324153569e+03 1.175073030544901940e+02
2.545273044274948006e+03 2.290203801085119721e+03
2.559454613794136094e+03 2.020398601062660418e+03
2.566334482605448102e+03 1.795155203507585156e+03
2.566375011724362139e+03 1.597135597263794807e+03
2.561155902534535926e+03 1.409443879853026829e+03
2.556828159346790471e+03 1.219000000000000000e+03
2.561155902534535926e+03 1.028556120146973171e+03
2.566375011724362139e+03 8.408644027362051929e+02
2.566334482605448102e+03 6.428447964924148437e+02
2.559454613794136094e+03 4.176013989373395816e+02
2.545273044274948006e+03 1.477961989148802786e+02
2.758000000000000000e+03 2.280421944688571784e+03
2.758000000000000000e+03 2.013998846254700538e+03
2.758000000000000000e+03 1.792087338271345970e+03
2.758000000000000000e+03 1.597245185036069415e+03
2.758000000000000000e+03 1.412030150846433571e+03
2.758000000000000000e+03 1.219000000000000000e+03
2.758000000000000000e+03 1.025969849153566429e+03
2.758000000000000000e+03 8.407548149639304711e+02
2.758000000000000000e+03 6.459126617286540295e+02
2.758000000000000000e+03 4.240011537452994617e+02
2.758000000000000000e+03 1.575780553114282156e+02
2.970726955725051994e+03 2.290203801085119721e+03
2.956545386205863906e+03 2.020398601062660418e+03
2.949665517394551898e+03 1.795155203507585156e+03
2.949624988275637861e+03 1.597135597263794807e+03
2.954844097465464074e+03 1.409443879853026829e+03
2.959171840653209529e+03 1.219000000000000000e+03
2.954844097465464074e+03 1.028556120146973171e+03
2.949624988275637861e+03 8.408644027362051929e+02
2.949665517394551898e+03 6.428447964924148437e+02
2.956545386205863906e+03 4.176013989373395816e+02
2.970726955725051994e+03 1.477961989148802786e+02
3.196580418675846431e+03 2.320492696945510033e+03
3.165203697726901737e+03 2.040989985495978090e+03
3.146995569089373930e+03 1.806569246515972736e+03
3.140075307811729999e+03 1.600614846227630551e+03
3.140553247235815434e+03 1.408176057577302345e+03
3.142051338337887046e+03 1.219000000000000000e+03
3.140553247235815434e+03 1.029823942422697655e+03
3.140075307811729999e+03 8.373851537723693355e+02
3.146995569089373930e+03 6.314307534840272638e+02
3.165203697726901737e+03 3.970100145040219104e+02
3.196580418675846431e+03 1.175073030544901940e+02
3.451296619873603504e+03 2.373600825103962052e+03
3.398530946445215704e+03 2.078886462109216154e+03
3.363826073102265127e+03 1.830527252574031991e+03
3.344333908923870695e+03 1.612918523295742034e+03
3.335858460161084167e+03 1.412477511058120626e+03
3.333768521780262745e+03 1.219000000000000000e+03
3.335858460161084167e+03 1.025522488941879374e+03
3.344333908923870695e+03 8.250814767042578524e+02
3.363826073102265127e+03 6.074727474259680093e+02
3.398530946445215704e+03 3.591135378907836184e+02
3.451296619873603504e+03 6.439917489603794820e+01
3.754153910739051298e+03 2.452201990821906293e+03
3.676228835400536809e+03 2.137195452342451063e+03
3.621237480111168225e+03 1.870310386751022179e+03
3.586130939747929006e+03 1.636687792620297614e+03
3.567284708210968802e+03 1.423222966277605110e+03
3.561453419706565455e+03 1.219000000000000000e+03
3.567284708210968802e+03 1.014777033722394890e+03
3.586130939747929006e+03 8.013122073797023859e+02
3.621237480111168225e+03 5.676896132489779347e+02
3.676228835400536809e+03 3.008045476575487100e+02
3.754153910739051298e+03 -1.420199082190629269e+01
4.127416036770011488e+03 2.558633798983109045e+03
4.021517338560693133e+03 2.218238153922235597e+03
3.943864781816900631e+03 1.927862808985954871e+03
3.891623419994537471e+03 1.673037110536618229e+03
3.861857083331515696e+03 1.440647771728433781e+03
3.852236060843025371e+03 1.219000000000000000e+03
3.861857083331515696e+03 9.973522282715662186e+02
3.891623419994537471e+03 7.649628894633817708e+02
3.943864781816900631e+03 5.101371910140451291e+02
4.021517338560693133e+03 2.197618460777642895e+02
4.127416036770011488e+03 -1.206337989831090454e+02
